3,2
3,1
3,3
10,259
10,241
10,167
10,219
10,139
10,141
10,217
11,13
21,3
21,2
21,1
21,0
11,29
11,27
11,26
11,25
11,24
11,23
11,22
11,21
11,20
11,19
8,18
11,18
11,17
11,15
11,14
11,12
12,2
12,1
12,3
11,10
11,8
11,7
11,6
11,5
11,3
11,2
11,1
10,308
10,306
10,304
10,291
10,269
10,264
10,255
10,247
20,2
10,208
20,1
20,3
10,201
19,2
19,1
19,3
10,197
10,190
10,186
10,170
10,165
10,163
10,158
10,157
10,156
10,145
10,129
10,119
10,107
10,104
10,91
10,66
10,64
10,31
10,22
10,6
10,3
10,2
10,1
9,7
9,6
9,5
9,4
9,3
18,1
9,2
18,3
9,1
8,17
8,16
8,15
8,14
14,1
8,13
14,3
8,12
13,1
8,11
13,3
8,10
8,9
8,8
8,7
8,6
8,5
8,4
8,3
8,2
8,1
7,13
7,12
7,11
7,10
7,9
2,2
